100 0.777771 0.176541
600 1.05323 0.1151
1100 0.972214 0.0293234
1600 0.874992 0.073609
2100 0.981473 0.0391264
2600 0.897428 0.0498554
3100 0.940852 0.00388063
3600 1.03973 0.100804
4100 1.0149 0.0745132
4600 0.919376 0.0266181
5100 1.03322 0.0939083
5600 0.885409 0.0625805
6100 0.898899 0.0482978
6600 0.913292 0.0330599
7100 0.976322 0.0336726
7600 0.964538 0.0211971
8100 0.996219 0.0547387
8600 0.942821 0.00179573
9100 0.96794 0.0247989
9600 0.931705 0.0135651
10100 0.924084 0.0216332
10600 0.941029 0.00369268
11100 1.01513 0.074762
11600 0.998195 0.0568311
12100 0.942485 0.00215183
12600 0.939035 0.00580435
13100 0.972214 0.0293234
13600 0.965065 0.0217548
14100 0.932911 0.0122876
14600 0.904292 0.0425883
15100 0.978652 0.0361401
15600 0.962242 0.0187662
16100 0.986706 0.0446673
16600 0.990955 0.0491657
17100 0.98529 0.0431681
17600 0.89764 0.0496304
18100 0.932466 0.0127595
18600 0.941375 0.00332723
19100 0.929966 0.0154064
19600 0.959317 0.0156691
20100 0.948029 0.00371829
20600 0.922187 0.0236418
21100 0.922451 0.0233624
21600 0.965462 0.0221753
22100 0.93658 0.00840298
22600 0.965331 0.0220361
23100 0.940227 0.00454183
23600 0.939669 0.00513281
24100 0.95285 0.00882231
24600 0.950477 0.00631002
25100 0.950523 0.00635837
25600 0.914109 0.0321948
26100 0.959921 0.0163089
26600 0.950284 0.00610553
27100 0.947101 0.00273566
27600 0.969396 0.0263398
28100 0.963218 0.0197994
28600 0.947398 0.00305041
29100 0.939806 0.00498743
29600 0.959404 0.0157613
30100 0.947343 0.00299182
30600 0.91153 0.0349253
31100 0.927511 0.0180057
31600 0.926987 0.0185597
32100 0.916788 0.0293577
32600 0.950443 0.00627409
33100 0.955765 0.0119088
33600 0.953695 0.00971719
34100 0.961094 0.017551
34600 0.955635 0.0117713
35100 0.95144 0.00732926
35600 0.936165 0.00884257
36100 0.924007 0.0217151
36600 0.951229 0.00710572
37100 0.937623 0.00729947
37600 0.932394 0.0128351
38100 0.947972 0.00365781
38600 0.947782 0.00345694
39100 0.941879 0.00279364
39600 0.943244 0.0013484
40100 0.946999 0.00262768
40600 0.927434 0.0180864
41100 0.955655 0.0117923
41600 0.955153 0.0112607
42100 0.944271 0.000260526
42600 0.946881 0.00250295
43100 0.923716 0.0220234
43600 0.915352 0.0308779
44100 0.964498 0.0211541
44600 0.93472 0.0103725
45100 0.942896 0.00171611
45600 0.936608 0.00837336
46100 0.940369 0.00439201
46600 0.95761 0.0138614
47100 0.946618 0.00222439
47600 0.956691 0.0128888
48100 0.947959 0.00364377
48600 0.939206 0.00562281
49100 0.946671 0.00228003
49600 0.962217 0.0187396
50100 0.944076 0.000467444
50600 0.940127 0.00464839
51100 0.950144 0.00595711
51600 0.91211 0.0343112
52100 0.954113 0.0101594
52600 0.911589 0.0348626
53100 0.958116 0.0143972
53600 0.946094 0.00166989
54100 0.958017 0.0142926
54600 0.965091 0.0217825
55100 0.943629 0.000939876
55600 0.939865 0.00492572
56100 0.926636 0.0189319
56600 0.959503 0.0158658
57100 0.948036 0.00372547
57600 0.962593 0.0191373
58100 0.937073 0.00788111
58600 0.951475 0.0073668
59100 0.9352 0.00986409
59600 0.923929 0.0217974
60100 0.935978 0.00904078
60600 0.947186 0.00282592
61100 0.952165 0.00809672
61600 0.951696 0.00760062
62100 0.942781 0.00183813
62600 0.943482 0.00109595
63100 0.959579 0.015947
63600 0.939195 0.0056348
64100 0.94916 0.00491506
64600 0.955809 0.0119555
65100 0.950111 0.00592245
65600 0.939312 0.00551046
66100 0.958241 0.0145297
66600 0.947981 0.00366754
67100 0.947003 0.00263151
67600 0.928061 0.0174225
68100 0.941091 0.00362709
68600 0.963285 0.0198704
69100 0.946748 0.00236134
69600 0.961039 0.017492
70100 0.963615 0.0202195
70600 0.959958 0.0163475
71100 0.938986 0.00585605
71600 0.93786 0.00704799
72100 0.941874 0.00279839
72600 0.935789 0.00924083
73100 0.940427 0.00433031
73600 0.945266 0.000793194
74100 0.962898 0.0194607
74600 0.936244 0.00875885
75100 0.946711 0.00232246
75600 0.940064 0.00471512
76100 0.970042 0.0270239
76600 0.945179 0.000701175
77100 0.967422 0.0242502
77600 0.952669 0.00863077
78100 0.960512 0.0169346
78600 0.947723 0.00339383
79100 0.916413 0.0297554
79600 0.956824 0.01303
80100 0.930946 0.0143683
80600 0.953155 0.00914555
81100 0.917669 0.0284254
81600 0.957082 0.0133032
82100 0.96428 0.0209233
82600 0.944083 0.000459733
83100 0.935946 0.00907499
83600 0.938372 0.00650597
84100 0.946434 0.00202976
84600 0.949919 0.00571948
85100 0.937826 0.00708397
85600 0.944387 0.000137422
86100 0.943533 0.00104228
86600 0.943137 0.00146126
87100 0.919194 0.0268108
87600 0.951349 0.00723285
88100 0.94915 0.00490467
88600 0.936771 0.00820164
89100 0.948754 0.00448558
89600 0.926207 0.0193857
90100 0.950093 0.00590367
90600 0.945816 0.00137484
91100 0.951083 0.00695167
91600 0.951835 0.00774802
92100 0.954585 0.0106592
92600 0.948171 0.00386816
93100 0.952999 0.00898012
93600 0.93856 0.00630707
94100 0.949794 0.00558656
94600 0.939738 0.00505997
95100 0.958004 0.0142786
95600 0.955739 0.0118808
96100 0.943685 0.000881558
96600 0.962149 0.0186678
97100 0.950787 0.00663796
97600 0.949402 0.00517222
98100 0.943374 0.00121009
98600 0.94214 0.00251677
99100 0.943175 0.00142132
99600 0.933559 0.0116016
