100 0.953125 0.00911345
600 0.947917 0.00359917
1100 0.974432 0.0316719
1600 0.948242 0.00394382
2100 0.934524 0.0105804
2600 0.941707 0.00297555
3100 0.94506 0.000575212
3600 0.934462 0.0106461
4100 0.939024 0.00581545
4600 0.961957 0.0184638
5100 0.946078 0.00165296
5600 0.953125 0.00911345
6100 0.939293 0.00553103
6600 0.960701 0.0171342
7100 0.935519 0.00952637
7600 0.939967 0.00481736
8100 0.936343 0.00865479
8600 0.946403 0.00199618
9100 0.948661 0.00438693
9600 0.943034 0.00157047
10100 0.931157 0.0141448
10600 0.950177 0.00599216
11100 0.946509 0.00210883
11600 0.936422 0.00857028
12100 0.945635 0.00118383
12600 0.947421 0.003074
13100 0.939766 0.00503005
13600 0.939453 0.00536153
14100 0.939827 0.00496556
14600 0.941032 0.00369025
15100 0.944536 2.0368e-05
15600 0.959936 0.0163244
16100 0.936141 0.0088679
16600 0.944842 0.000343754
17100 0.948374 0.00408288
17600 0.940962 0.00376365
18100 0.943456 0.001123
18600 0.9417 0.00298239
19100 0.946499 0.0020979
19600 0.945153 0.000673228
20100 0.944652 0.000142459
20600 0.948043 0.00373301
21100 0.948386 0.00409572
21600 0.952546 0.00850076
22100 0.943156 0.00144103
22600 0.93833 0.00655101
23100 0.945482 0.00102107
23600 0.94657 0.00217387
24100 0.948198 0.00389662
24600 0.950521 0.00635631
25100 0.948207 0.00390674
25600 0.93988 0.00490919
26100 0.950431 0.00626124
26600 0.942787 0.00183219
27100 0.942401 0.00224067
27600 0.94469 0.000182716
28100 0.938612 0.00625196
28600 0.941051 0.00366965
29100 0.944427 9.59639e-05
29600 0.945576 0.00112147
30100 0.948142 0.00383733
30600 0.943883 0.000671692
31100 0.943931 0.000620759
31600 0.940615 0.00413129
32100 0.941345 0.0033581
32600 0.946223 0.00180619
33100 0.946988 0.00261626
33600 0.93936 0.00546
34100 0.94671 0.00232167
34600 0.940164 0.0046085
35100 0.937678 0.00724087
35600 0.946717 0.00232903
36100 0.940963 0.00376339
36600 0.942836 0.00177951
37100 0.940701 0.00404056
37600 0.942985 0.0016218
38100 0.952428 0.00837532
38600 0.945272 0.000799175
39100 0.943015 0.00159074
39600 0.948074 0.00376627
40100 0.943579 0.000993769
40600 0.941425 0.00327331
41100 0.948069 0.00376017
41600 0.944899 0.000404601
42100 0.940209 0.00456092
42600 0.94898 0.00472533
43100 0.935615 0.00942528
43600 0.948574 0.00429478
44100 0.942744 0.0018776
44600 0.939427 0.00538935
45100 0.940237 0.00453164
45600 0.940892 0.00383785
46100 0.941567 0.00312323
46600 0.947559 0.00322051
47100 0.943737 0.000826301
47600 0.948661 0.00438693
48100 0.944094 0.00044769
48600 0.939879 0.00491052
49100 0.947333 0.00298148
49600 0.941217 0.00349379
50100 0.93541 0.00964171
50600 0.946023 0.00159398
51100 0.943585 0.000987069
51600 0.945676 0.00122675
52100 0.940109 0.00466696
52600 0.946441 0.00203714
53100 0.942061 0.0026005
53600 0.944176 0.000361645
54100 0.949139 0.00489365
54600 0.948603 0.00432633
55100 0.943313 0.00127461
55600 0.946127 0.00170488
56100 0.946803 0.00241965
56600 0.951966 0.00788589
57100 0.943465 0.00111356
57600 0.945611 0.00115795
58100 0.94581 0.00136878
58600 0.944033 0.000513013
59100 0.94218 0.00247493
59600 0.945208 0.000731007
60100 0.948133 0.00382855
60600 0.948407 0.00411784
61100 0.94576 0.00131585
61600 0.943714 0.000849849
62100 0.944394 0.000130293
62600 0.948108 0.00380177
63100 0.948148 0.00384386
63600 0.942979 0.00162899
64100 0.944642 0.000132316
64600 0.940282 0.00448446
65100 0.947341 0.0029893
65600 0.940858 0.00387369
66100 0.946884 0.00250633
66600 0.94611 0.00168656
67100 0.948375 0.00408404
67600 0.948872 0.00461067
68100 0.945072 0.000586967
68600 0.941828 0.00284755
69100 0.948015 0.00370291
69600 0.943135 0.00146351
70100 0.946081 0.0016562
70600 0.941041 0.0036803
71100 0.942642 0.00198491
71600 0.942606 0.00202293
72100 0.946082 0.00165656
72600 0.946173 0.00175348
73100 0.944383 0.000142391
73600 0.944039 0.000506569
74100 0.943193 0.00140163
74600 0.944935 0.000442875
75100 0.939102 0.00573325
75600 0.943969 0.000580302
76100 0.945795 0.00135288
76600 0.945394 0.000928418
77100 0.946417 0.0020114
77600 0.945836 0.0013963
78100 0.945643 0.00119153
78600 0.942927 0.00168359
79100 0.944671 0.000162333
79600 0.945293 0.00082125
80100 0.947761 0.00343395
80600 0.950023 0.00582952
81100 0.945611 0.0011582
81600 0.941311 0.00339504
82100 0.944047 0.000497918
82600 0.939013 0.00582718
83100 0.943423 0.00115864
83600 0.941836 0.00283855
84100 0.940826 0.00390838
84600 0.94088 0.00385097
85100 0.944183 0.000353484
85600 0.947521 0.00318045
86100 0.944396 0.00012825
86600 0.948073 0.00376473
87100 0.948802 0.00453616
87600 0.942655 0.00197176
88100 0.944913 0.000419542
88600 0.941627 0.00306029
89100 0.945602 0.00114838
89600 0.943464 0.00111505
90100 0.945078 0.000594165
90600 0.942036 0.00262722
91100 0.947002 0.00263069
91600 0.945688 0.00123935
92100 0.944303 0.000226696
92600 0.943979 0.00056929
93100 0.94183 0.00284501
93600 0.942541 0.00209185
94100 0.947695 0.00336477
94600 0.942356 0.00228817
95100 0.944779 0.000276688
95600 0.943711 0.000853782
96100 0.943857 0.000698638
96600 0.944019 0.000527975
97100 0.946495 0.00209425
97600 0.946977 0.00260479
98100 0.944429 9.38777e-05
98600 0.94761 0.0032748
99100 0.947717 0.00338773
99600 0.945877 0.00143997
